   7889 100
   7669 101
   8185 102
   8608 103
   8470 104
   8712 105
   9427 106
   9424 107
   9899 108
  10937 109
  11075 110
  10798 111
  11640 112
  11599 113
  11696 114
  12842 115
  13108 116
  13125 117
  14063 118
  14223 119
  14130 120
  15603 121
  15483 122
  15924 123
  16537 124
  16913 125
  17571 126
  18435 127
  19010 128
  18637 129
  19611 130
  20112 131
  19664 132
  21534 133
  21300 134
  21829 135
  23051 136
  22381 137
  22583 138
  24778 139
  24922 140
  24969 141
  26666 142
  24963 143
  26737 144
  34874 145
  59618 146
 129222 147
 533402 148
27508091 151
    438 30
    479 31
    569 32
    380 33
    549 34
    519 35
    438 36
    639 37
    611 38
    556 39
    775 40
    796 41
    862 42
    858 43
    817 44
    841 45
    862 46
    918 47
    918 48
    964 49
   1298 50
   1255 51
   1272 52
   1325 53
   1281 54
   1341 55
   1474 56
   1496 57
   1542 58
   1583 59
   1586 60
   1838 61
   1866 62
   1842 63
   1923 64
   1955 65
   1882 66
   2229 67
   2052 68
   2159 69
   2305 70
   2254 71
   2497 72
   2767 73
   2737 74
   2614 75
   3217 76
   3008 77
   3077 78
   3513 79
   3408 80
   3450 81
   4044 82
   3855 83
   3905 84
   4210 85
   4446 86
   4277 87
   4721 88
   4935 89
   4913 90
   5614 91
   5632 92
   5443 93
   5931 94
   6177 95
   6178 96
   6931 97
   7002 98
   7025 99
