    851 100
    890 101
   1003 102
   1056 103
   1089 104
   1164 105
   1304 106
   1354 107
   1485 108
   1741 109
   1707 110
   1709 111
   1948 112
   1907 113
   1959 114
   2136 115
   2276 116
   2393 117
   2725 118
   2646 119
   2636 120
   2943 121
   2900 122
   2890 123
   3178 124
   3410 125
   3339 126
   3574 127
   3634 128
   3726 129
   3965 130
   4201 131
   3785 132
   4197 133
   4136 134
   4022 135
   4638 136
   4984 137
   4812 138
   5412 139
   5311 140
   5035 141
   5359 142
   5190 143
   5141 144
   5901 145
   6026 146
   5950 147
  13017 148
 589749 151
     29 30
     16 31
     15 32
     10 33
     23 34
     19 35
     34 36
     21 37
     18 38
     21 39
     41 40
     31 41
     40 42
     26 43
     58 44
     23 45
     61 46
     35 47
     24 48
     39 49
     41 50
     51 51
     45 52
     53 53
     45 54
     46 55
     43 56
     36 57
     45 58
     55 59
     63 60
    101 61
     81 62
     64 63
     43 64
     46 65
     59 66
     82 67
     85 68
    104 69
     81 70
     75 71
     91 72
    102 73
    102 74
    123 75
    117 76
    126 77
     96 78
    153 79
    132 80
    139 81
    173 82
    169 83
    248 84
    250 85
    294 86
    319 87
    388 88
    339 89
    399 90
    553 91
    493 92
    529 93
    679 94
    582 95
    666 96
    792 97
    772 98
    766 99
