    868 100
    897 101
   1010 102
   1063 103
   1100 104
   1170 105
   1326 106
   1368 107
   1510 108
   1765 109
   1736 110
   1730 111
   1980 112
   1939 113
   1995 114
   2193 115
   2349 116
   2458 117
   2813 118
   2725 119
   2713 120
   3022 121
   3029 122
   2985 123
   3328 124
   3563 125
   3466 126
   3720 127
   3738 128
   3845 129
   4152 130
   4347 131
   3911 132
   4474 133
   4269 134
   4155 135
   4876 136
   5157 137
   4967 138
   5589 139
   5481 140
   5179 141
   5609 142
   5434 143
   5364 144
   5998 145
   6180 146
   6020 147
   9991 148
 587988 151
     23 30
     21 31
     12 32
      9 33
     21 34
     19 35
     30 36
     19 37
     14 38
     17 39
     37 40
     22 41
     37 42
     23 43
     54 44
     20 45
     58 46
     28 47
     24 48
     35 49
     33 50
     49 51
     35 52
     56 53
     41 54
     40 55
     29 56
     33 57
     38 58
     48 59
     61 60
     91 61
     79 62
     54 63
     44 64
     41 65
     50 66
     79 67
     75 68
    100 69
     80 70
     69 71
     86 72
    102 73
     98 74
    124 75
    115 76
    121 77
     92 78
    154 79
    123 80
    130 81
    165 82
    169 83
    244 84
    247 85
    292 86
    317 87
    386 88
    340 89
    397 90
    562 91
    504 92
    537 93
    690 94
    589 95
    674 96
    810 97
    781 98
    782 99
