   7996 100
   7726 101
   8280 102
   8673 103
   8510 104
   8844 105
   9559 106
   9535 107
  10004 108
  11122 109
  11222 110
  10968 111
  11875 112
  11827 113
  11912 114
  13104 115
  13368 116
  13418 117
  14336 118
  14524 119
  14425 120
  15994 121
  15896 122
  16327 123
  16989 124
  17366 125
  17999 126
  18873 127
  19376 128
  19071 129
  20033 130
  20524 131
  20212 132
  22221 133
  21741 134
  22249 135
  23665 136
  22761 137
  23026 138
  25188 139
  24935 140
  25426 141
  27028 142
  25314 143
  27985 144
  33793 145
  51443 146
 141297 147
 345788 148
27685933 151
    336 30
    348 31
    426 32
    278 33
    420 34
    385 35
    325 36
    474 37
    471 38
    419 39
    634 40
    615 41
    723 42
    681 43
    693 44
    715 45
    735 46
    782 47
    787 48
    841 49
   1177 50
   1118 51
   1131 52
   1200 53
   1104 54
   1159 55
   1303 56
   1301 57
   1320 58
   1411 59
   1426 60
   1664 61
   1696 62
   1675 63
   1812 64
   1825 65
   1764 66
   2107 67
   1901 68
   2019 69
   2176 70
   2128 71
   2359 72
   2649 73
   2624 74
   2498 75
   3098 76
   2912 77
   2989 78
   3412 79
   3292 80
   3325 81
   3939 82
   3778 83
   3800 84
   4134 85
   4361 86
   4214 87
   4679 88
   4856 89
   4897 90
   5584 91
   5595 92
   5423 93
   5956 94
   6174 95
   6194 96
   6980 97
   7049 98
   7056 99
